gene	NA	NA	C3.5.11.FC	NA
AARS	NA	NA	-0.36702107	NA
AARS2	NA	NA	0.100854	NA
ABCB7	NA	NA	0.0500016879999983	NA
ACAA2	NA	NA	0.22156622	NA
ACAD10	NA	NA	-0.51570968	NA
ACAD11	NA	NA	-0.298184641000001	NA
ACAD8	NA	NA	-0.0756428630000006	NA
ACAD9	NA	NA	0.199518019999999	NA
ACADL	NA	NA	-0.175519904	NA
ACADM	NA	NA	0.0901187200000013	NA
ACADS	NA	NA	-0.168342993	NA
ACADSB	NA	NA	-0.0977584810000005	NA
ACADVL	NA	NA	-0.225655377999999	NA
ACO2	NA	NA	0.000956219000000758	NA
ACSBG1	NA	NA	0.0680986179999996	NA
ACSBG2	NA	NA	-0.0292956630000001	NA
ACSL1	NA	NA	-0.0701488400000008	NA
ACSL3	NA	NA	0.0877921300000004	NA
ACSL4	NA	NA	-0.222966799	NA
ACSL5	NA	NA	-0.0381728570000002	NA
ACSL6	NA	NA	0.00661456000000005	NA
ACSM1	NA	NA	-0.0375879500000007	NA
ACSM2A	NA	NA	0.0585215250000006	NA
ACSM2B	NA	NA	0.126793897	NA
ACSM3	NA	NA	-0.034532864	NA
ACSM4	NA	NA	0.20779819	NA
ACSM5	NA	NA	0.0694084659999996	NA
ACSS1	NA	NA	-0.063634253	NA
ACSS2	NA	NA	-0.493956377	NA
ACSS3	NA	NA	0.0905070769999998	NA
AFG3L2	NA	NA	-0.30936335	NA
AIFM1	NA	NA	-0.0871046530000008	NA
AK3	NA	NA	-0.543139931000001	NA
ALAD	NA	NA	0.182742433	NA
ALAS1	NA	NA	0.104292420999999	NA
ALAS2	NA	NA	-0.104299209000001	NA
ALDOA	NA	NA	-0.116334827	NA
ALDOB	NA	NA	-0.114857306999999	NA
ALDOC	NA	NA	-0.254875240000001	NA
AMBRA1	NA	NA	-0.155382698	NA
ANP32A	NA	NA	0.568951803000001	NA
APAF1	NA	NA	-0.0543066210000003	NA
APEX1	NA	NA	0.14072492	NA
APEX2	NA	NA	-0.0181553559999994	NA
ARG1	NA	NA	-0.00562524600000014	NA
ARG2	NA	NA	-0.20008926	NA
ASL	NA	NA	-0.133903227999999	NA
ASS1	NA	NA	-0.58670437	NA
ATAD3A	NA	NA	0.16012806	NA
ATAD3B	NA	NA	0.0513132809999997	NA
ATP5A1	NA	NA	0.0663406799999997	NA
ATP5B	NA	NA	-0.1064606	NA
ATP5C1	NA	NA	0.000894510000000182	NA
ATP5D	NA	NA	0.185388729	NA
ATP5E	NA	NA	0.0958228600000002	NA
ATP5F1	NA	NA	0.164343129999999	NA
ATP5G1	NA	NA	0.199502112999999	NA
ATP5G2	NA	NA	0.0175347499999994	NA
ATP5G3	NA	NA	0.194164207	NA
ATP5H	NA	NA	-0.199574890000001	NA
ATP5I	NA	NA	0.573601097000001	NA
ATP5J	NA	NA	-0.311793889999999	NA
ATP5J2	NA	NA	0.23845431	NA
ATP5L	NA	NA	-0.145694143	NA
ATP5O	NA	NA	-0.319555390000001	NA
ATPAF1	NA	NA	-0.257521096	NA
ATPAF2	NA	NA	0.136570919	NA
ATPIF1	NA	NA	-0.17527677	NA
BAD	NA	NA	0.0158579440000004	NA
BAK1	NA	NA	0.0857821200000002	NA
BAX	NA	NA	-0.427587744	NA
BBC3	NA	NA	-0.273277845999999	NA
BCKDHA	NA	NA	-0.240509119	NA
BCKDHB	NA	NA	0.111052642000001	NA
BCL2	NA	NA	-0.163354076	NA
BCL2L1	NA	NA	0.157736573	NA
BCL2L11	NA	NA	0.135122242	NA
BCS1L	NA	NA	0.0870274640000002	NA
BECN1	NA	NA	0.100175593000001	NA
BID	NA	NA	0.159036252000001	NA
BIK	NA	NA	-0.526537206	NA
BNIP3	NA	NA	-0.352124647	NA
BNIP3L	NA	NA	-0.135934182000001	NA
BOLA3	NA	NA	0.146967140000001	NA
BRP44	NA	NA	0.409639705	NA
BRP44L	NA	NA	0.611466177	NA
CARS2	NA	NA	-0.123382764	NA
CASP3	NA	NA	-0.29797797	NA
CASP7	NA	NA	-0.149357604	NA
CASP9	NA	NA	0.169064566	NA
CCDC109B	NA	NA	0.339042424999999	NA
CCDC56	NA	NA	0.204235429999999	NA
CCDC90A	NA	NA	-0.121983883	NA
CD36	NA	NA	0.223204064	NA
CDK5RAP1	NA	NA	0.0326745080000004	NA
CDKAL1	NA	NA	-0.00523233200000028	NA
CDS1	NA	NA	0.122419495000001	NA
CHCHD4	NA	NA	0.237362450000001	NA
CHCHD8	NA	NA	0.147868005999999	NA
CIAO1	NA	NA	0.00637286999999986	NA
CIAPIN1	NA	NA	0.111981305	NA
CLPP	NA	NA	0.0953871820000014	NA
CLPX	NA	NA	-0.0507012580000001	NA
CMPK2	NA	NA	0.126662988	NA
COX10	NA	NA	-0.0121300690000012	NA
COX11	NA	NA	0.138000234000001	NA
COX15	NA	NA	0.0174237020000003	NA
COX17	NA	NA	0.0033926200000014	NA
COX18	NA	NA	-0.238504844	NA
COX19	NA	NA	-0.143902981	NA
COX4I1	NA	NA	-0.16856333	NA
COX4I2	NA	NA	0.0396063609999997	NA
COX5A	NA	NA	-0.0950845499999993	NA
COX5B	NA	NA	0	NA
COX6A1	NA	NA	-0.0481743699999999	NA
COX6A2	NA	NA	-0.140832545	NA
COX6B1	NA	NA	0.109208240000001	NA
COX6B2	NA	NA	0.00709416800000007	NA
COX6C	NA	NA	-0.0584816099999994	NA
COX7A1	NA	NA	-0.148116078999999	NA
COX7A2	NA	NA	-0.12811773	NA
COX7B	NA	NA	0.27154176	NA
COX7B2	NA	NA	-0.0967251190000002	NA
COX7C	NA	NA	0.0860561700000009	NA
COX8A	NA	NA	0.0472731900000003	NA
CPOX	NA	NA	-0.0256598990000008	NA
CPS1	NA	NA	-0.089318325999999	NA
CPT1A	NA	NA	0.173037042	NA
CPT1B	NA	NA	-0.145361781	NA
CPT1C	NA	NA	-0.332170328	NA
CPT2	NA	NA	0.0302661690000008	NA
CRAT	NA	NA	-0.0518795150000004	NA
CREB1	NA	NA	-0.0871683190000008	NA
CRLS1	NA	NA	-0.0712086899999989	NA
CS	NA	NA	-0.299884489999998	NA
CYC1	NA	NA	-0.0416720700000006	NA
CYCS	NA	NA	0.174657538	NA
DAP3	NA	NA	0.0182874700000006	NA
DARS2	NA	NA	0.0859484029999997	NA
DDX28	NA	NA	0.399501508	NA
DECR1	NA	NA	-0.334252189999999	NA
DHX30	NA	NA	-0.0390405240000007	NA
DIABLO	NA	NA	-0.00850564300000123	NA
DKC1	NA	NA	0.167801770000001	NA
DLAT	NA	NA	0.148738524000001	NA
DLD	NA	NA	0.150264363	NA
DLST	NA	NA	0.327778571	NA
DNAJC19	NA	NA	0.309057765999999	NA
DNM1	NA	NA	0.0856244080000002	NA
DNM1L	NA	NA	0.165075442999999	NA
DUS2L	NA	NA	-0.00893891899999844	NA
DYNLL1	NA	NA	-0.0851000800000001	NA
EARS2	NA	NA	-0.0954868250000001	NA
ECHS1	NA	NA	-0.0931973900000003	NA
ECSIT	NA	NA	0.0356140600000003	NA
EFHA1	NA	NA	0.320179241	NA
EFHA2	NA	NA	0.0575939280000002	NA
EIF2AK1	NA	NA	0.033369714	NA
EIF2AK3	NA	NA	0.105622705	NA
EIF3M	NA	NA	0.331483160000001	NA
ELAC2	NA	NA	-0.0912983349999994	NA
ENDOG	NA	NA	-0.0701330359999996	NA
ENO1	NA	NA	-0.130309329999999	NA
ENO2	NA	NA	-0.366090947	NA
ENO3	NA	NA	-0.207131287	NA
FABP1	NA	NA	0.185436634	NA
FABP12	NA	NA	0.0951130530000004	NA
FABP2	NA	NA	-0.062462386	NA
FABP3	NA	NA	0.0791272579999998	NA
FABP4	NA	NA	-0.0764568390000004	NA
FABP5	NA	NA	0.0730297850000001	NA
FABP6	NA	NA	0.041167991	NA
FABP7	NA	NA	-0.63913513	NA
FABP9	NA	NA	-0.0791102939999995	NA
FAM96A	NA	NA	0.0998140030000005	NA
FAM96B	NA	NA	-0.0195916300000007	NA
FARS2	NA	NA	0.200851700999999	NA
FDX1	NA	NA	0.0777084229999998	NA
FDX1L	NA	NA	0.0123394030000004	NA
FDXR	NA	NA	-0.0291206209999997	NA
FECH	NA	NA	0.00236820999999932	NA
FH	NA	NA	-0.01568082	NA
FIS1	NA	NA	0.0667194210000002	NA
FOXRED1	NA	NA	-0.155684604999999	NA
FTMT	NA	NA	0.153383003	NA
FXN	NA	NA	-0.152567362	NA
GABARAP	NA	NA	-0.183047041	NA
GAPDH	NA	NA	0.0586050500000006	NA
GAPDHS	NA	NA	-0.0300687699999997	NA
GARS	NA	NA	-0.148317870000001	NA
GATC	NA	NA	0.209784053	NA
GCK	NA	NA	0.288797073	NA
GCLC	NA	NA	0.191141486999999	NA
GCLM	NA	NA	0.196629046	NA
GDAP1	NA	NA	0.352590370000001	NA
GFER	NA	NA	0.113689016	NA
GFM1	NA	NA	-0.016972534999999	NA
GFM2	NA	NA	-0.18152014	NA
GLRX2	NA	NA	0.242947043	NA
GLRX5	NA	NA	-0.0817423900000005	NA
GOT2	NA	NA	-0.088424980000001	NA
GPI	NA	NA	-0.0870245699999987	NA
GPX1	NA	NA	-0.223133214	NA
GPX4	NA	NA	-0.139879639999998	NA
GRPEL1	NA	NA	0.216271330000001	NA
GRPEL2	NA	NA	0.0387638430000017	NA
GSR	NA	NA	-0.219827238000001	NA
GSS	NA	NA	-0.078874772999999	NA
GSTA1	NA	NA	0.135028172999999	NA
GSTA2	NA	NA	-0.065822388	NA
GSTA4	NA	NA	-0.370000246	NA
GSTP1	NA	NA	-0.49116237	NA
GTPBP3	NA	NA	0.172907201	NA
HADH	NA	NA	-0.205032509999999	NA
HADHA	NA	NA	-0.20126859	NA
HADHB	NA	NA	0.0386542280000004	NA
HARS2	NA	NA	0.188943733	NA
HCCS	NA	NA	0.124744503	NA
HK1	NA	NA	-0.0257018599999999	NA
HK2	NA	NA	0.223677071999999	NA
HK3	NA	NA	-0.0964584560000006	NA
HMBS	NA	NA	-0.0180626999999998	NA
HSCB	NA	NA	-0.137522243999999	NA
HSD17B10	NA	NA	-0.066443198	NA
HSPA9	NA	NA	-0.0596341000000002	NA
HTRA2	NA	NA	0.0226796839999999	NA
IARS2	NA	NA	-0.0750584100000005	NA
IDH1	NA	NA	-0.12128817	NA
IDH2	NA	NA	-0.167734569	NA
IDH3A	NA	NA	-0.223294475	NA
IDH3B	NA	NA	-0.0677462799999997	NA
IDH3G	NA	NA	0.126209611	NA
IMMP1L	NA	NA	0.0190902460000002	NA
IMMP2L	NA	NA	-0.108537877	NA
ISCA1	NA	NA	0.138391991999999	NA
ISCA2	NA	NA	0.098312001	NA
ISCU	NA	NA	-0.00822251000000129	NA
ITPR1	NA	NA	0.0414491249999998	NA
ITPR2	NA	NA	0.337882432	NA
ITPR3	NA	NA	-0.52013694	NA
KARS	NA	NA	-0.103303185000001	NA
KIAA0391	NA	NA	-0.0572909600000013	NA
KIF1B	NA	NA	-0.175993981000001	NA
KIF5B	NA	NA	-0.0783717110000008	NA
LARS2	NA	NA	-0.195224918999999	NA
LDHA	NA	NA	-0.0234878690000002	NA
LDHAL6B	NA	NA	0.143926796	NA
LDHB	NA	NA	0.12110873	NA
LDHC	NA	NA	0.0568076990000002	NA
LETM1	NA	NA	-0.207021021999999	NA
LIG3	NA	NA	0.0258456589999998	NA
LONP1	NA	NA	0.0577646600000001	NA
LRPPRC	NA	NA	0.0387804799999998	NA
LYRM4	NA	NA	0.0228487650000009	NA
MAP1LC3A	NA	NA	-0.136059592000001	NA
MAPK1	NA	NA	-0.290940435	NA
MAPK3	NA	NA	-0.138526831	NA
MARS2	NA	NA	0.105855078	NA
MCL1	NA	NA	-0.303143499999999	NA
MDH2	NA	NA	-0.01877745	NA
MFF	NA	NA	0.152539008	NA
MFN1	NA	NA	0.0411913740000003	NA
MFN2	NA	NA	0.350893259999999	NA
MIPEP	NA	NA	0.045892306999999	NA
MMS19	NA	NA	-0.227361119999999	NA
MPV17	NA	NA	0.0285738609999999	NA
MPV17L	NA	NA	0.104341897	NA
MPV17L2	NA	NA	-0.160437290999999	NA
MRPL1	NA	NA	0.569694486	NA
MRPL10	NA	NA	-0.12947112	NA
MRPL11	NA	NA	0.210031880000001	NA
MRPL12	NA	NA	0.613171148999999	NA
MRPL13	NA	NA	0.17421989	NA
MRPL14	NA	NA	0.155824600000001	NA
MRPL15	NA	NA	0.287388080000001	NA
MRPL16	NA	NA	0.0420485100000008	NA
MRPL17	NA	NA	0.29493154	NA
MRPL18	NA	NA	0.46173074	NA
MRPL19	NA	NA	0.315597668000001	NA
MRPL2	NA	NA	0.032196815999999	NA
MRPL20	NA	NA	0.319777290000001	NA
MRPL21	NA	NA	0.325499000000001	NA
MRPL22	NA	NA	-0.0842824100000001	NA
MRPL23	NA	NA	-0.0420557300000013	NA
MRPL24	NA	NA	0.0310564380000002	NA
MRPL27	NA	NA	0.325608319999999	NA
MRPL28	NA	NA	-0.0124121539999997	NA
MRPL3	NA	NA	0.180047396999999	NA
MRPL30	NA	NA	-0.194889185000001	NA
MRPL32	NA	NA	0.162120290000001	NA
MRPL33	NA	NA	0.147445530000001	NA
MRPL34	NA	NA	-0.0400982499999998	NA
MRPL35	NA	NA	0.301009614	NA
MRPL36	NA	NA	0.2343403	NA
MRPL37	NA	NA	-0.127606740000001	NA
MRPL38	NA	NA	0.097536057000001	NA
MRPL39	NA	NA	0.171463466000001	NA
MRPL4	NA	NA	0.0101827629999995	NA
MRPL40	NA	NA	0.0306341210000003	NA
MRPL41	NA	NA	0.0532090399999987	NA
MRPL42	NA	NA	0.0692555399999986	NA
MRPL43	NA	NA	0.0168368399999999	NA
MRPL44	NA	NA	0.031781123	NA
MRPL45	NA	NA	0.425642103000001	NA
MRPL46	NA	NA	0.173113487	NA
MRPL47	NA	NA	0.248174947000001	NA
MRPL48	NA	NA	0.612927284	NA
MRPL49	NA	NA	0.0354480610000003	NA
MRPL50	NA	NA	0.278422969999999	NA
MRPL51	NA	NA	0.144500469999999	NA
MRPL52	NA	NA	-0.0583756260000001	NA
MRPL53	NA	NA	0.050290541999999	NA
MRPL54	NA	NA	0.17999887	NA
MRPL55	NA	NA	0.0454996950000002	NA
MRPL9	NA	NA	0.0792277729999995	NA
MRPS10	NA	NA	-0.163447362000001	NA
MRPS11	NA	NA	-0.155405407	NA
MRPS12	NA	NA	0.169154780000001	NA
MRPS14	NA	NA	-0.088769621	NA
MRPS15	NA	NA	0.102439010000001	NA
MRPS16	NA	NA	0.0939728120000005	NA
MRPS17	NA	NA	-0.00473371	NA
MRPS18A	NA	NA	-0.301653303	NA
MRPS18B	NA	NA	0.180960779999999	NA
MRPS18C	NA	NA	-0.0338917940000005	NA
MRPS2	NA	NA	0.15668509	NA
MRPS21	NA	NA	0.275707388000001	NA
MRPS22	NA	NA	0.0105452699999997	NA
MRPS23	NA	NA	0.188531107999999	NA
MRPS24	NA	NA	0.3144078	NA
MRPS25	NA	NA	-0.120501693	NA
MRPS26	NA	NA	0.0713353800000007	NA
MRPS27	NA	NA	-0.309821210000001	NA
MRPS28	NA	NA	0.0138534899999989	NA
MRPS30	NA	NA	0.134425090000001	NA
MRPS31	NA	NA	0.0716123599999996	NA
MRPS33	NA	NA	-0.00410947299999975	NA
MRPS34	NA	NA	0.385281388999999	NA
MRPS35	NA	NA	0.336021592	NA
MRPS36	NA	NA	0.0324388039999999	NA
MRPS5	NA	NA	-0.110600419999999	NA
MRPS6	NA	NA	-0.43196491	NA
MRPS7	NA	NA	0.240287990000001	NA
MRPS9	NA	NA	0.175322490000001	NA
MRRF	NA	NA	-0.0362142849999998	NA
MSTO1	NA	NA	0.0100047639999996	NA
MTFMT	NA	NA	-0.0947216920000002	NA
MTIF2	NA	NA	0.0022517819999992	NA
MTIF3	NA	NA	-0.0214708479999999	NA
MTO1	NA	NA	0.00893465200000065	NA
MTPAP	NA	NA	0.0122589350000002	NA
MTRF1	NA	NA	0.00126962199999969	NA
MTRF1L	NA	NA	-0.045554461	NA
MUTYH	NA	NA	0.0636269599999997	NA
NARF	NA	NA	-0.316071989999999	NA
NARS2	NA	NA	0.0849387059999991	NA
NDUFA1	NA	NA	-0.07779004	NA
NDUFA10	NA	NA	0.129182592999999	NA
NDUFA11	NA	NA	0.0171636100000008	NA
NDUFA12	NA	NA	0.0289543100000014	NA
NDUFA13	NA	NA	0.34204276	NA
NDUFA2	NA	NA	-0.0164986999999996	NA
NDUFA3	NA	NA	-0.0390729200000006	NA
NDUFA4	NA	NA	0.25588707	NA
NDUFA5	NA	NA	0.0276309060000006	NA
NDUFA6	NA	NA	0.0273879499999996	NA
NDUFA7	NA	NA	-0.0609727430000007	NA
NDUFA8	NA	NA	-0.221273050000001	NA
NDUFA9	NA	NA	-0.0886196899999998	NA
NDUFAB1	NA	NA	0.0927182599999998	NA
NDUFAF1	NA	NA	-0.0610985629999998	NA
NDUFAF2	NA	NA	0.0153214599999991	NA
NDUFAF3	NA	NA	-0.0611319999999989	NA
NDUFB1	NA	NA	0.0552327140000006	NA
NDUFB10	NA	NA	-0.34474715	NA
NDUFB11	NA	NA	-0.0934437800000012	NA
NDUFB2	NA	NA	-0.0720871299999999	NA
NDUFB3	NA	NA	0.17073398	NA
NDUFB4	NA	NA	0.0511757419999999	NA
NDUFB5	NA	NA	-0.324999010000001	NA
NDUFB6	NA	NA	-0.0134928300000006	NA
NDUFB7	NA	NA	0.0519251999999994	NA
NDUFB8	NA	NA	0.0224776599999998	NA
NDUFB9	NA	NA	0.1579958	NA
NDUFC1	NA	NA	0.3813453	NA
NDUFC2	NA	NA	0.0366673630000003	NA
NDUFS1	NA	NA	0.092412521	NA
NDUFS2	NA	NA	0.0361746169999995	NA
NDUFS3	NA	NA	0.229197640000001	NA
NDUFS4	NA	NA	-0.0842489200000003	NA
NDUFS5	NA	NA	0.165447950000001	NA
NDUFS6	NA	NA	0.00957995399999945	NA
NDUFS7	NA	NA	-0.0259931399999989	NA
NDUFS8	NA	NA	-0.10628992	NA
NDUFV1	NA	NA	0.105687270000001	NA
NDUFV2	NA	NA	0.0235812700000011	NA
NDUFV3	NA	NA	-0.0178326950000001	NA
NFE2L2	NA	NA	-0.178291784000001	NA
NFS1	NA	NA	0.0794545170000003	NA
NFU1	NA	NA	0.39403293	NA
NME3	NA	NA	0.20079696	NA
NME4	NA	NA	0.0140308200000003	NA
NME6	NA	NA	0.085003394000001	NA
NRF1	NA	NA	-0.105483511	NA
NSUN2	NA	NA	0.34595019	NA
NTHL1	NA	NA	-0.0544307289999999	NA
NUBP1	NA	NA	-0.0342531480000012	NA
NUBP2	NA	NA	-0.130357642	NA
NUBPL	NA	NA	-0.07222857	NA
OGDH	NA	NA	-0.056336935	NA
OGG1	NA	NA	0.174970717000001	NA
OMA1	NA	NA	0.086381416	NA
OPA1	NA	NA	0.182027912	NA
OPA3	NA	NA	0.0210920330000004	NA
OSGEPL1	NA	NA	-0.0131901389999998	NA
OTC	NA	NA	0.041330028	NA
OXA1L	NA	NA	0.0810940899999988	NA
PACS2	NA	NA	-0.035846212	NA
PARK2	NA	NA	0.0630157630000001	NA
PARL	NA	NA	0.156219719999999	NA
PARS2	NA	NA	-0.0782540909999998	NA
PDHA1	NA	NA	-0.0653695600000006	NA
PDHA2	NA	NA	-0.216040742	NA
PDHB	NA	NA	-0.0466602600000012	NA
PDHX	NA	NA	-0.188652226999999	NA
PFKL	NA	NA	0.0788346170000001	NA
PFKM	NA	NA	-0.16221146	NA
PFKP	NA	NA	0.0173501399999996	NA
PGAM1	NA	NA	0.11881062	NA
PGAM2	NA	NA	0.152312759000001	NA
PGK1	NA	NA	0.264303049	NA
PGK2	NA	NA	-0.0738421300000001	NA
PGS1	NA	NA	-0.115045306000001	NA
PHB	NA	NA	0.0338193400000009	NA
PHB2	NA	NA	-0.0768272000000003	NA
PINK1	NA	NA	0.0114380140000012	NA
PKIA	NA	NA	0.160669968000001	NA
PKLR	NA	NA	0.0165517570000002	NA
PKM2	NA	NA	0.00819384000000056	NA
PLD6	NA	NA	-0.404731787999999	NA
PMAIP1	NA	NA	0.0516492700000004	NA
PML	NA	NA	-0.0430004110000004	NA
PMPCA	NA	NA	0.052550720000001	NA
PMPCB	NA	NA	-0.264987570000001	NA
POLG	NA	NA	-0.314514635	NA
POLG2	NA	NA	-0.0979112420000003	NA
POLRMT	NA	NA	0.0492906170000005	NA
PPARGC1A	NA	NA	0.0429245790000001	NA
PPIA	NA	NA	-0.225774513999999	NA
PPIF	NA	NA	0.0918907679999998	NA
PPOX	NA	NA	-0.228043828000001	NA
PRDX3	NA	NA	-0.0299141400000007	NA
PTCD2	NA	NA	-0.180121395999999	NA
PTCD3	NA	NA	-0.150771031	NA
PTPMT1	NA	NA	-0.138814170000002	NA
PUS1	NA	NA	0.198513122000001	NA
PUS3	NA	NA	0.328271511999999	NA
QRSL1	NA	NA	0.13795009	NA
QTRT1	NA	NA	0.163378193	NA
QTRTD1	NA	NA	0.177882577	NA
RARS2	NA	NA	-0.0301198389999993	NA
RHOT1	NA	NA	-0.187843711999999	NA
RHOT2	NA	NA	0.198216537	NA
RMND1	NA	NA	0.0315750109999993	NA
RMRP	NA	NA	-0.0409173780000005	NA
RNASEH1	NA	NA	0.0304816099999989	NA
RNASEL	NA	NA	-0.17664939	NA
RPS19	NA	NA	-0.0634112099999999	NA
RPUSD2	NA	NA	-0.0505950399999993	NA
RPUSD4	NA	NA	0.230866840000001	NA
RRM2B	NA	NA	-0.086733014	NA
SAMM50	NA	NA	-0.163463539999999	NA
SARS2	NA	NA	-0.37166058	NA
SBDS	NA	NA	0.254277527999999	NA
SCO1	NA	NA	0.0630515200000001	NA
SCO2	NA	NA	0.050006239	NA
SDHA	NA	NA	-0.320809819999999	NA
SDHAF1	NA	NA	0.155085312000001	NA
SDHAF2	NA	NA	-0.0158924799999998	NA
SDHB	NA	NA	-0.0848413600000004	NA
SDHC	NA	NA	-0.0819858380000014	NA
SDHD	NA	NA	0.314706069	NA
SH3GLB1	NA	NA	0.0618765930000009	NA
SHC1	NA	NA	0.256665089	NA
SIGMAR1	NA	NA	0.00654121899999893	NA
SLC24A6	NA	NA	-0.445582768	NA
SLC25A1	NA	NA	0.18456492	NA
SLC25A19	NA	NA	-0.006105217	NA
SLC25A20	NA	NA	0.118378947	NA
SLC25A28	NA	NA	-0.335394785	NA
SLC25A3	NA	NA	0.02317882	NA
SLC25A33	NA	NA	0.177440346	NA
SLC25A37	NA	NA	0.0173945109999991	NA
SLC25A4	NA	NA	-0.25697652	NA
SLC25A5	NA	NA	-0.126674360000001	NA
SLC25A6	NA	NA	-0.13734988	NA
SLC27A1	NA	NA	-0.274450025999999	NA
SLC27A2	NA	NA	-0.0556413539999987	NA
SLC27A3	NA	NA	-0.0313572100000012	NA
SLC27A4	NA	NA	-0.114779668	NA
SLC27A5	NA	NA	-0.204182524	NA
SLC27A6	NA	NA	0.012930946	NA
SLC29A1	NA	NA	0.383568028000001	NA
SLC2A1	NA	NA	-0.0658638299999996	NA
SLC2A2	NA	NA	-0.00855739600000049	NA
SLC2A3	NA	NA	-0.196119620000001	NA
SLC2A4	NA	NA	0.0792296339999998	NA
SLC2A5	NA	NA	0.0844526160000001	NA
SOD1	NA	NA	-0.318265269999999	NA
SOD2	NA	NA	0.12006567	NA
SPG7	NA	NA	-0.321959319999999	NA
SQSTM1	NA	NA	-0.307474749999999	NA
SSBP1	NA	NA	0.319726660000001	NA
STOML2	NA	NA	0.0570746999999994	NA
SUCLA2	NA	NA	0.133427981000001	NA
SUCLG1	NA	NA	-0.120455829999999	NA
SUCLG2	NA	NA	-0.135904929999999	NA
SURF1	NA	NA	0.194184874000001	NA
TACO1	NA	NA	-0.137060669	NA
TARS2	NA	NA	0.0962413700000013	NA
TAZ	NA	NA	-0.069879512	NA
TCHP	NA	NA	0.237142854	NA
TERT	NA	NA	-0.228924126	NA
TFAM	NA	NA	0.0540306500000014	NA
TFB1M	NA	NA	-0.256394078	NA
TFB2M	NA	NA	0.198642550000001	NA
TIMM10	NA	NA	0.128791419999999	NA
TIMM13	NA	NA	-0.0930175449999995	NA
TIMM17A	NA	NA	-0.00338393100000012	NA
TIMM17B	NA	NA	0.0261016610000002	NA
TIMM22	NA	NA	0.0555321380000002	NA
TIMM23	NA	NA	0.18518072	NA
TIMM44	NA	NA	-0.0547373090000001	NA
TIMM50	NA	NA	0.0615467860000001	NA
TIMM8A	NA	NA	0.148760938999999	NA
TIMM8B	NA	NA	0.517449627	NA
TIMM9	NA	NA	0.460985271	NA
TK2	NA	NA	0.102003537	NA
TMEM126B	NA	NA	0.0993585600000007	NA
TMEM70	NA	NA	0.0586675769999996	NA
TOMM20	NA	NA	-0.0372216400000003	NA
TOMM22	NA	NA	0.0696887799999999	NA
TOMM40	NA	NA	-0.0419628200000002	NA
TOMM40L	NA	NA	0.484151396	NA
TOMM5	NA	NA	0.00443401999999971	NA
TOMM6	NA	NA	0.0106921	NA
TOMM7	NA	NA	0.0612169300000005	NA
TOMM70A	NA	NA	0.415721246999999	NA
TOP1MT	NA	NA	0.142151030000001	NA
TOP3A	NA	NA	0.0556239180000002	NA
TP53	NA	NA	0.611593855999999	NA
TPI1	NA	NA	-0.38798594	NA
TRAK1	NA	NA	0.0174054300000002	NA
TRAK2	NA	NA	-0.176207695	NA
TRAP1	NA	NA	-0.370669935	NA
TRIT1	NA	NA	0.359310816999999	NA
TRMT1	NA	NA	-0.194330272	NA
TRMT11	NA	NA	-0.216142215	NA
TRMT112	NA	NA	0.335536919999999	NA
TRMT2B	NA	NA	0.254428099	NA
TRMT5	NA	NA	0.51156651	NA
TRMT6	NA	NA	0.401227313	NA
TRMU	NA	NA	0.284992047	NA
TRNT1	NA	NA	0.250236012	NA
TRUB2	NA	NA	0.129806075999999	NA
TSFM	NA	NA	0.225214578000001	NA
TTC19	NA	NA	0.129239635999999	NA
TUFM	NA	NA	0.102982560000001	NA
TXN2	NA	NA	-0.0878801899999999	NA
TXNRD2	NA	NA	0.0484869620000001	NA
UNG	NA	NA	-0.017013629	NA
UQCC	NA	NA	-0.00755391199999877	NA
UQCRB	NA	NA	-0.049794318	NA
UQCRC1	NA	NA	-0.10992472	NA
UQCRC2	NA	NA	0.392293999	NA
UQCRFS1	NA	NA	-0.0734546399999996	NA
UQCRH	NA	NA	0.0101245300000006	NA
UQCRQ	NA	NA	0.11798696	NA
UROD	NA	NA	0.10896548	NA
UROS	NA	NA	-0.0672102199999998	NA
VARS2	NA	NA	-0.223012269	NA
VDAC1	NA	NA	-0.0051794300000001	NA
VDAC2	NA	NA	0.0903526229999994	NA
VDAC3	NA	NA	0.141161070000001	NA
WARS2	NA	NA	0.0177041349999998	NA
XIAP	NA	NA	-0.022500537	NA
YARS	NA	NA	-0.17773049	NA
YARS2	NA	NA	0.10837184	NA
YME1L1	NA	NA	-0.0330485200000012	NA
YRDC	NA	NA	0.00905018999999996	NA
